0.36433204
1.46392201
0.69303041
0.79315707
0.09002091
0.07102918
0.95224847
1.26080704
1.18665057
0.23598116
0.11104000
0.06310878
0.27925876
0.63258879
0.79377665
1.38358523
2.11997765
1.06493849
1.92962931
0.97879546
0.09530944
0.15611910
0.59315784
0.27494066
0.50368497
0.12772861
0.80227684
1.68714024
0.54054868
0.44493470
0.17237169
0.63187989
3.84210482
0.02578941
0.07729914
0.33069143
1.78520096
0.72845793
0.39469579
0.49616594
0.77790063
1.25184241
0.46276413
2.46981806
1.04304284
0.10077952
0.15520995
0.57820697
0.51257739
1.74788332
0.07274115
1.57267099
0.31127631
0.52648303
0.68053156
0.21618534
0.33687476
0.69478547
2.62680949
2.51679153
0.72345843
0.29124634
2.42259720
1.19165193
0.58073463
2.38072456
0.78086877
0.68850639
1.52403334
0.34496151
0.37757149
2.37976901
0.05845331
2.30152924
0.25063658
0.07534690
0.57961802
0.56217067
0.01309235
0.41840679
2.89593707
0.95324539
0.33075774
0.00792851
1.53003049
1.38290789
0.89504883
0.10802409
0.38817021
0.15042288
1.91540956
2.78553495
1.10570709
1.37489322
0.31217988
0.39348660
0.07938863
2.70787007
0.03993641
2.61921834
1.08341411
0.02841885
0.76888966
0.39369634
0.13115658
0.04114185
0.00615034
0.30118136
0.11789732
0.96046076
0.99624796
1.33374852
0.13398056
0.68376384
0.64172247
1.58823907
2.78097294
0.78236156
0.03439784
0.74653962
0.08345703
0.30354265
1.57929767
1.53456801
0.80372494
0.44827813
2.28245814
2.25377881
2.52256704
0.35605223
0.23817280
0.18257519
0.27392085
1.35194481
0.42599104
0.20064625
1.57384986
0.33105153
1.37422205
1.48732618
4.16096129
1.54394587
0.46605893
0.27916527
0.98502226
0.27293006
3.48981192
0.68291557
0.08209219
0.45108083
0.28319704
1.51044107
1.15442673
0.18641909
0.13330089
0.14386663
1.65247268
0.03570015
0.23877339
0.27978534
0.29840871
0.94371357
0.31021852
0.57303092
0.74609431
0.75738309
1.40134462
2.17148516
0.05780295
0.05371744
1.59313327
0.18789610
1.64804633
0.97616648
0.45791235
2.19460575
0.26226806
0.29789382
1.08236562
1.08220353
1.21731396
0.52908422
2.36962892
1.00986973
1.41044978
0.50690585
0.49242458
0.42863244
1.09908946
0.62433003
1.17783985
0.35057341
0.65374223
0.69478727
0.34299664
0.69032390
0.25958574
2.59689277
0.16652596
0.31016632
1.12140822
2.25379280
0.42243718
0.60477241
0.54604339
3.94958930
0.31410419
1.90340795
0.41958075
0.91490287
0.35081012
0.06836911
0.41920465
0.64707328
2.00856236
1.35041505
0.33261841
1.57452505
0.56845624
0.60153776
1.07983807
2.06784940
1.32791685
0.31874568
0.10076790
0.36224404
0.07530292
1.27945500
3.57766429
0.29413585
1.57314282
0.99873852
0.18408997
0.23633251
0.08966721
1.11538104
0.86646194
0.60891064
1.08866220
1.45262913
0.01874853
1.48523892
2.35761201
2.05391188
1.32381385
0.33032839
0.26035045
3.01007265
0.04630525
1.03473982
0.13975277
2.66464385
0.71211186
0.84809457
1.64451038
2.81534518
0.23499363
0.61709388
0.08397822
0.18060842
0.14990885
0.20362819
5.88774737
0.84673975
0.34534818
0.41881533
1.71939894
1.09654315
0.48505064
0.96778074
0.40513255
0.04577132
0.70713185
2.60418792
1.19675836
1.17064835
1.58883363
0.47557976
0.17312639
0.06824948
2.41763270
0.35729190
0.09335581
1.15742251
0.19149106
3.36486686
1.20168803
0.31578385
0.05396583
2.02802335
0.80134112
0.28706883
0.69741775
1.19189627
0.76875068
0.61365612
0.82237663
0.75557213
0.23324671
0.02655542
5.48837977
0.28396245
1.17014439
2.99919171
0.51409515
1.66997299
0.05009890
1.07005035
0.87855436
0.36630299
0.10637997
0.01905127
0.06370445
0.11475166
0.60144708
1.16800265
1.96351672
1.00719351
1.21525273
0.03378360
1.88806580
1.07366112
2.28229253
0.84138495
0.60776561
1.78605193
0.19986270
0.34217772
0.23979121
5.38570238
0.00869400
1.27283695
1.29162351
0.59334400
0.26956459
4.03160589
1.02228482
0.76072423
1.34192126
0.72200481
1.54382997
0.11146819
0.27077391
3.04008364
0.32423438
2.97456865
0.31933432
0.09914985
2.29529250
1.32952598
1.90531522
0.72948058
3.63236786
0.10004973
2.66931660
1.00023324
0.21018360
0.02015110
2.48095959
0.88532739
0.78387741
2.70265884
0.80292880
0.12298663
0.24807705
0.05306208
0.12728016
0.11753592
0.09119677
1.55093094
1.37877882
1.19016318
1.09610069
1.46370902
0.32061095
1.06568425
0.73393216
0.02834098
0.36628847
0.86083567
0.10658723
0.59344679
1.14332282
0.20353257
0.49677590
1.21771329
0.01163097
1.38883173
0.85304889
0.90213874
0.57118297
0.92005972
0.27533193
1.53172567
1.79059020
1.93221326
0.23263159
1.23748299
0.11448962
0.27282530
0.70099484
1.08059063
0.21556481
0.78132007
2.50664945
0.71758423
0.16749695
0.42731772
1.71535293
0.14753807
0.10660164
0.04072052
0.38857203
0.07650090
0.91609661
1.26869881
1.83862038
0.18705764
0.40628001
1.36203322
0.05414516
2.13809181
1.48762541
0.07691798
0.01660656
0.14623301
1.27785044
2.97517506
0.86912003
0.35656639
0.37189121
0.54404370
0.81601653
0.27338741
1.35913180
1.58451574
0.08949159
1.13796729
0.21323844
1.24374055
0.06966436
0.27024545
0.17553747
0.75426377
0.91995373
0.66251640
1.19734372
0.05642890
0.79663937
0.43587196
0.03778482
0.85769940
0.07267841
0.53716129
0.52626873
0.63256885
1.21562927
0.01654462
0.67666035
0.11291856
0.69485009
1.38699668
0.99889968
0.99777574
0.28013687
0.23267214
0.21546347
1.10745660
1.35337649
0.07357929
0.53137978
1.84467557
0.69022707
1.12133099
0.24916293
0.14801357
1.41201084
0.44632369
1.46153911
0.47942550
0.44690120
0.35882348
0.01142322
1.96290569
1.85973934
0.63818949
0.00292592
1.18884602
0.44394599
0.74614416
0.06174984
0.49801809
2.54206395
0.48017023
0.48132228
1.87066103
0.24439630
1.95520983
0.21076428
1.81874227
