1.06612367
15.15820577
2.08040677
6.61427067
1.08083031
1.23736105
1.58241479
2.37943512
3.33862744
1.43750612
18.87240342
1.15852158
1.00584292
1.10777696
1.29011639
1.32218492
25.77483082
1.14038266
3.21696770
1.77871357
1.77717557
2.11538032
2.59726969
1.17409000
4.48416885
1.47471474
1.74162548
2.58479402
1.89295603
1.30013033
1.14077254
1.08653386
2.32465964
1.92622863
1.77187887
1.07405623
1.10065092
2.67064718
1.54153467
1.04058184
1.13728214
1.06706420
1.78786849
1.27332943
2.02959003
2.70402958
1.09285136
1.00552631
1.15559729
4.15329224
1.94326583
1.13462510
3.78059840
1.47462999
1.43445719
1.28820199
1.18376623
2.16266647
33.63001748
3.79547201
2.30487952
1.13934009
1.15214542
1.32721512
8.44788818
1.27541108
1.41381897
1.56544803
1.21855747
2.03815258
3.26427989
3.32089703
2.12321360
1.04515763
1.61460256
1.06627129
2.17641480
1.47733797
2.27267132
1.73944089
1.42801188
3.57847996
1.22191339
2.99074141
1.17928474
1.33392222
11.34154292
1.79437894
5.46058722
2.92486619
1.64821526
1.19873204
1.47707542
1.43748393
1.16837124
1.24279923
2.02837454
1.42486005
1.10272210
1.21444403
2.10307916
1.38839464
2.25437132
1.80996969
1.64316762
1.26652787
1.60463527
2.29618803
2.67690228
6.24623827
1.54578083
1.16884924
1.64860526
1.45766899
1.13505057
2.03151856
1.53002003
1.21095423
1.30547988
4.46985678
1.83736263
1.32642105
2.86549823
1.34796508
1.18350645
1.73386233
1.09138073
3.99501964
1.58359822
1.07169331
1.40255545
1.59322069
1.22195680
14.32195705
3.50177924
1.80129241
1.25970263
1.73762877
1.14731271
1.47722530
1.60499723
1.65526289
3.67767796
1.17084727
2.18566111
6.53988600
1.27880314
1.51292743
1.24766625
1.09201620
2.73290713
1.91865123
1.89288168
1.56757239
1.48293819
1.39205907
1.22369228
1.24458151
1.52347207
29.01141324
1.21835890
2.10165242
1.43427891
1.43500065
4.42984768
1.03101624
1.29103030
2.96499729
1.14275718
1.03467934
1.20272549
1.28131945
2.02306271
1.09058824
7.55708666
3.45485590
1.30573485
1.28114905
1.79663818
1.43970849
2.94869295
1.10821865
1.49366530
1.08910775
4.76538152
1.91830890
1.29019506
1.36381502
1.14768475
3.94285457
1.24657296
2.10202432
1.47890708
1.26224713
1.09547656
1.72465163
3.65688334
2.56290554
2.18890382
1.42651713
2.28120287
1.07405545
8.37818759
1.08892350
1.16294326
1.13728351
17.46368846
1.28763040
1.74350020
1.92197549
1.81907427
1.58599198
1.55877921
1.29469862
2.68079487
3.66270400
2.26153655
1.12059955
1.50135497
1.04437845
2.49741447
1.93710789
2.14006173
1.60903340
15.37957475
1.26461670
1.19733044
3.61360311
1.05034632
2.10782015
1.01357421
2.72688894
1.00964055
3.55171568
1.18003938
1.62228885
1.17456213
2.15115442
1.96635808
3.85266585
10.58868742
1.56871050
5.30861162
1.05009675
1.69857348
1.05704435
2.28166171
1.23082256
1.03732327
1.28740990
1.90970648
3.83136876
1.32608324
4.93151962
3.35461179
1.50059658
1.04636679
4.81437471
1.17084039
8.13105316
4.84001278
2.48446638
1.83292030
1.16489128
3.70175731
1.54231134
3.84740813
1.13326473
3.05330463
4.99730670
7.18398157
1.10329025
1.21257280
2.08719115
1.39965735
1.93297854
1.22899215
1.60300921
1.36182957
1.14086359
1.02221487
1.26213412
1.59770937
2.42137891
2.13928803
3.72442733
2.14691941
1.82325265
1.09304414
2.52558863
1.38944665
1.34008410
2.42315876
3.29284979
1.98205101
2.25852982
1.29082368
1.61748035
1.56358608
4.16175260
1.29351140
1.20563258
1.69094209
1.58754154
1.27946938
16.39569373
1.83652842
5.11883803
1.11973476
2.37661364
1.25361573
1.36192442
1.53895703
1.99588547
1.73865335
2.54701727
2.10127279
2.19201402
1.65716603
1.06301902
1.38816798
1.12392801
3.00234877
14.86792312
2.21548402
1.50669820
2.64261838
1.00667155
2.94667493
1.03165526
1.14276048
1.41129905
1.05158331
1.54633604
1.40220927
2.20063531
29.41761763
3.96173006
1.14887906
20.00400278
1.33900903
1.23605654
4.19668157
7.99360225
1.99932578
1.14136258
5.32534163
3.09038473
1.23733211
1.65383197
1.08494736
4.02604747
3.57241018
5.69701876
2.34367231
6.61179209
1.82774507
1.53779356
1.18303664
1.43902963
2.06184750
1.31583922
1.51923006
1.00123955
1.61825790
2.02849339
1.72732556
1.37869432
1.32635795
1.04410798
1.08350757
8.46969634
1.26297922
1.54676389
1.45975364
11.29554718
6.26368586
1.33218094
1.06645037
2.85337636
1.34512562
5.04153303
1.55038391
1.36012929
1.23145355
3.09688741
1.15754039
1.10506568
1.67548900
1.56556744
1.02116501
1.56419821
1.59885162
1.20159435
1.65229726
5.96015322
1.24232741
1.63063846
1.25913264
2.80311803
1.88987534
1.36489542
1.19822681
1.47166597
1.10933050
5.16589519
1.62165630
2.96179370
3.12610195
3.01906324
25.13707362
1.97719675
2.52473849
3.65215313
1.51807912
1.32872706
3.55475636
1.20423801
2.45423088
5.99430021
1.05688519
1.37844380
1.39959965
1.82964715
4.07032857
1.11126431
1.74428713
1.07676813
2.59005131
1.93706715
1.56584729
1.49513559
1.38638047
1.50316918
1.68081746
4.34753607
1.34676360
1.01159448
1.84999203
1.02570811
2.59962435
1.14931658
1.77525287
1.03444068
3.28967694
1.50808117
1.85660145
1.23640569
2.38859887
1.24804363
1.78204184
1.40547357
1.65554539
1.74471646
2.19030187
4.51768544
1.40026153
1.69496879
1.40127185
1.08529950
1.72243974
2.07414215
1.38373300
5.68391366
1.96047372
1.83419884
7.14491516
1.20821503
1.03941392
1.45298245
13.90716875
1.30941692
3.06635359
1.30619049
1.16680588
10.75409485
1.54764821
1.01056511
6.78341622
1.15415490
1.86660919
1.94593800
1.48547044
6.66820073
1.13909708
2.04669841
3.65528976
4.70166525
2.24307625
1.53561217
1.12249695
1.28174931
1.13408636
1.01281074
1.15542996
1.17458935
7.25649788
1.51075449
1.98554032
1.92342286
